41
69
69
69
70
28
52
51
52
52
51
50
51
43
42
50
50
51
52
51
50
49
50
49
84
84
85
86
85
65
65
66
66
67
67
67
67
68
68
68
67
68
15
14
15
69
69
69
69
70
69
68
84
52
53
53
54
55
54
54
54
53
53
54
55
54
53
52
52
51
52
53
54
55
14
15
16
16
17
12
10
10
9
17
17
18
17
17
94
93
94
93
94
95
95
96
86
87
91
2
1
1
1
30
29
29
29
29
30
31
36
36
36
66
66
67
66
67
68
31
30
98
9
9
11
11
56
56
56
28
26
27
27
75
76
77
1
0
0
19
80
80
30
30
83
84
83
82
83
83
84
55
56
57
57
26
26
26
26
25
50
50
49
48
47
38
38
99
59
60
49
49
50
51
50
49
0
1
1
62
80
81
81
81
82
83
83
83
84
85
85
85
98
61
62
62
62
63
63
62
62
62
63
63
62
62
62
63
62
61
62
63
63
7
6
7
6
6
7
6
5
28
28
28
29
28
28
29
30
31
31
30
76
76
75
75
74
74
73
73
73
74
90
90
91
90
90
91
91
91
90
91
90
49
64
37
37
36
37
31
65
34
35
36
35
36
93
92
91
6
12
12
13
3
11
12
13
14
15
14
62
62
42
43
44
44
45
46
46
45
44
45
75
68
68
69
70
69
70
70
70
69
17
17
1
2
1
1
14
15
15
15
14
94
94
14
15
16
17
44
43
42
41
42
41
41
33
34
33
12
73
73
73
73
46
30
30
24
25
25
26
25
24
48
47
14
14
13
14
14
13
12
13
13
14
14
92
92
91
91
92
93
93
94
93
93
41
40
92
56
55
55
56
55
54
55
55
55
54
6
98
81
82
83
82
81
82
81
14
15
15
14
14
13
12
12
13
13
12
11
11
15
15
16
16
17
18
17
17
18
17
16
15
15
14
13
14
15
14
15
8
9
8
7
6
7
6
5
84
84
83
82
81
80
79
18
19
18
96
95
57
58
58
57
0
99
0
0
66
65
64
63
64
65
64
63
63
63
64
65
65
64
64
63
15
14
97
69
68
22
23
23
22
21
22
21
20
20
21
22
23
22
21
92
91
90
78
78
19
19
19
18
17
18
18
51
50
84
85
62
63
62
63
63
62
62
61
60
66
66
65
64
63
62
61
33
32
15
14
14
13
85
6
5
7
6
95
95
94
95
94
18
17
16
15
14
13
12
12
13
12
16
17
16
15
16
15
16
15
16
17
30
29
52
52
53
53
53
54
53
37
37
38
8
9
9
9
12
12
12
21
20
21
22
22
21
22
21
21
22
21
21
89
89
42
65
64
64
37
37
36
1
0
11
19
92
93
93
92
93
94
95
96
19
20
21
21
22
25
25
26
1
1
2
3
4
3
4
16
16
17
91
22
23
24
95
96
95
96
97
85
86
85
0
0
99
15
71
70
71
71
71
71
71
71
71
70
70
69
69
70
69
69
69
68
68
69
69
70
71
70
70
69
37
19
18
17
82
91
90
89
89
89
90
91
64
65
66
66
65
66
66
94
94
94
0
99
99
89
89
90
28
27
27
27
27
28
27
26
25
26
27
27
28
28
28
29
67
63
63
62
62
63
64
65
0
1
0
99
99
0
99
98
97
97
96
95
95
96
95
96
97
97
97
96
96
97
97
97
97
97
96
95
94
93
67
66
74
31
32
33
34
35
34
34
35
52
52
53
53
53
54
53
40
39
40
17
17
17
85
85
85
60
60
60
59
59
58
57
58
57
57
57
58
59
59
39
38
37
37
37
38
37
36
35
35
34
22
21
20
19
18
19
20
19
18
18
17
6
5
5
6
7
6
7
7
73
74
76
77
77
76
77
78
78
77
77
77
78
78
77
78
11
48
95
96
97
97
98
99
99
0
99
98
98
98
99
75
74
73
73
72
38
39
39
16
15
15
16
17
18
17
28
27
27
68
69
68
69
69
70
70
69
43
44
43
43
43
42
42
43
42
42
41
10
10
12
13
14
13
40
41
40
40
79
79
22
21
22
23
24
25
24
57
93
93
13
26
92
91
92
89
90
96
96
97
97
96
96
97
34
33
34
34
33
33
34
34
34
35
34
35
78
78
79
78
78
79
78
79
78
41
42
41
40
40
39
38
39
24
24
97
96
50
51
50
50
51
51
50
50
50
49
48
13
14
15
16
15
15
15
14
15
14
11
33
32
32
31
90
89
90
90
89
88
88
87
87
88
3
4
70
70
71
72
72
90
89
90
72
