67
83
18
13
34
48
6
12
15
99
9
11
32
13
61
23
53
65
84
1
44
86
36
65
5
5
59
2
11
84
16
94
24
74
71
14
7
67
9
26
43
61
26
70
64
24
65
18
22
7
6
52
94
25
81
81
40
26
74
80
17
93
47
22
2
36
55
2
29
30
79
80
90
54
46
2
66
67
37
72
96
17
30
27
93
17
55
14
17
1
66
44
72
2
0
20
82
91
1
99
57
50
39
59
58
27
34
71
59
13
65
46
43
57
84
79
91
93
90
92
50
25
72
38
37
83
71
61
73
19
10
84
71
72
5
54
41
8
4
48
17
68
26
7
63
58
31
40
13
83
36
28
35
6
27
85
73
66
78
18
19
92
85
43
63
70
89
11
12
0
99
75
9
27
68
24
19
18
68
10
84
92
70
97
31
21
80
27
48
36
82
25
35
33
81
5
60
97
54
10
31
43
49
50
49
97
24
90
73
65
4
70
27
37
96
14
70
37
39
31
32
98
1
65
21
40
30
71
13
21
75
36
50
34
27
44
88
49
0
3
36
30
17
28
38
30
85
90
52
0
18
20
31
71
10
16
15
81
42
25
91
3
81
68
19
59
12
90
66
14
76
26
96
61
61
41
37
22
22
5
71
14
8
81
30
95
52
48
93
88
88
96
57
77
80
32
46
95
33
9
92
39
87
5
46
0
75
47
22
25
99
63
70
45
84
39
49
1
10
64
63
63
75
43
2
60
20
60
18
88
7
84
40
18
53
5
78
17
62
76
87
69
15
42
86
26
80
0
31
15
25
76
26
63
69
61
94
24
35
38
56
91
49
50
32
11
4
42
56
40
76
20
60
50
34
55
7
97
96
61
8
3
56
76
25
15
96
31
56
59
27
1
44
7
45
99
1
6
11
47
24
86
16
97
57
45
38
1
10
19
19
15
4
12
13
61
30
92
9
72
85
60
38
56
80
8
97
42
12
94
95
73
31
4
90
53
48
66
81
36
76
53
82
74
84
95
73
44
92
52
80
73
61
18
53
6
43
98
33
55
65
92
9
23
16
67
88
87
93
47
49
19
23
98
60
53
88
60
13
31
52
14
73
92
35
88
65
68
92
80
68
91
22
96
3
19
14
34
89
59
19
92
39
12
6
55
38
15
6
97
54
54
5
69
85
7
45
9
28
67
40
57
43
80
95
24
50
49
75
62
88
23
55
95
4
13
74
17
10
98
11
3
15
88
21
90
77
72
54
98
35
99
73
63
55
35
94
52
42
43
90
19
12
58
3
66
77
26
66
73
82
39
94
41
30
54
98
47
52
0
2
93
56
50
54
81
15
64
25
36
23
39
13
28
96
11
11
25
90
63
1
18
14
22
47
85
50
27
10
42
77
64
83
29
88
43
76
92
56
34
27
67
41
36
47
99
3
3
0
43
68
9
98
28
72
81
21
61
49
96
63
17
20
99
26
53
70
51
55
71
97
89
15
28
48
35
41
37
34
41
6
59
64
39
61
75
79
35
53
70
25
51
76
28
94
43
97
96
13
44
50
27
26
7
61
73
80
39
95
68
23
4
42
36
33
79
87
47
2
38
29
8
39
48
63
30
83
54
54
54
76
56
64
10
54
71
25
1
4
94
84
28
23
21
61
29
70
74
82
29
91
42
23
62
42
22
26
53
53
90
69
67
70
21
11
43
69
82
54
31
11
5
30
6
10
61
15
49
91
24
48
69
69
60
84
53
25
19
90
6
53
54
60
31
21
90
0
92
0
21
72
63
48
29
13
84
75
29
89
68
58
38
51
93
25
5
98
69
27
89
91
6
87
12
28
23
12
33
89
50
61
52
85
47
65
31
24
84
25
9
94
6
11
20
75
51
56
91
14
37
79
43
15
48
48
13
39
82
16
58
74
69
28
63
42
22
70
49
80
56
34
8
64
13
4
88
94
3
92
46
38
72
6
51
10
79
54
8
84
96
90
1
76
56
35
46
5
72
4
75
56
24
0
15
26
66
32
94
62
31
86
16
95
43
54
73
93
67
21
78
97
21
55
89
9
93
96
40
49
4
41
86
40
8
55
84
90
57
25
16
54
39
73
67
9
1
93
74
54
65
67
85
57
25
83
67
60
65
44
92
33
93
94
91
75
91
17
24
62
2
48
24
15
13
35
78
4
54
47
54
92
14
78
29
35
46
67
96
74
9
36
35
32
60
27
89
52
87
20
45
47
15
20
13
84
17
69
82
33
89
89
5
54
24
96
93
39
27
59
92
